0
1116
0   1116
53   1116
68   1116
80   1116
96   1116
111   1116
112   1116
122   1116
123   1116
141   1116
152   1116
163   1116
188   1116
262   1116
274   1116
303   1116
308   1116
315   1116
317   1116
319   1116
329   1116
370   1116
401   1116
419   1116
440   1116
443   1116
444   1116
449   1116
451   1116
459   1116
488   1116
492   1116
497   1116
507   1116
516   1116
537   1116
538   1116
545   1116
549   1116
558   1116
569   1116
578   1116
583   1116
584   1116
594   1116
596   1116
600   1116
605   1116
612   1116
613   1116
614   1116
622   1116
632   1116
634   1116
641   1116
642   1116
645   1116
646   1116
650   1116
657   1116
658   1116
668   1116
669   1116
679   1116
691   1116
695   1116
696   1116
698   1116
700   1116
705   1116
713   1116
719   1116
721   1116
737   1116
740   1116
741   1116
761   1116
772   1116
777   1116
785   1116
787   1116
798   1116
800   1116
803   1116
818   1116
827   1116
828   1116
832   1116
839   1116
842   1116
845   1116
850   1116
851   1116
855   1116
857   1116
858   1116
860   1116
865   1116
869   1116
877   1116
881   1116
887   1116
888   1116
892   1116
903   1116
907   1116
910   1116
918   1116
921   1116
922   1116
925   1116
933   1116
936   1116
938   1116
940   1116
942   1116
944   1116
946   1116
948   1116
954   1116
955   1116
958   1116
962   1116
967   1116
979   1116
981   1116
983   1116
991   1116
994   1116
996   1116
1001   1116
1019   1116
1022   1116
1029   1116
1033   1116
1042   1116
1047   1116
1048   1116
1053   1116
1054   1116
1060   1116
1062   1116
1063   1116
1067   1116
1069   1116
1075   1116
1082   1116
1090   1116
1097   1116
1109   1116
1112   1116
1113   1116
1114   1116
